64 ; [12411]

65 ; [12413]

66 ; [12414]

67 ; [12415]

68 ; [12380]

69 ; [12416]

74 ; [12383]

80 ; [12417]

81 ; [12418]

18 ; [12379]

19 ; [12385]

20 ; [12386, 12378]

84 ; [12419]

21 ; [12384]

87 ; [12420]

24 ; [12382]

25 ; [12375]

90 ; [12421]

91 ; [12422]

94 ; [12423]

32 ; [12377]

97 ; [12424]

34 ; [12387]

35 ; [12388]

36 ; [12390]

37 ; [12391]

38 ; [12389]

40 ; [12392]

41 ; [12393]

42 ; [12394]

43 ; [12395]

44 ; [12396]

45 ; [12376, 12381]

48 ; [12397]

49 ; [12398, 12399]

50 ; [12400]

51 ; [12401]

52 ; [12402]

53 ; [12403, 12404]

56 ; [12405]

57 ; [12406]

58 ; [12407, 12408]

59 ; [12409]

60 ; [12410]

63 ; [12412]

